+0000.0000000000000000,+0001.0000000000000000,+0000.0000000000000000
+0000.0001002003004005,+0000.9998997996995995,+0000.0000000000000000
+0000.0003586250164465,+0000.9996136293303410,+0000.0000277456532124
+0000.0007415634403648,+0000.9991547212476793,+0000.0001037153119559
+0000.0012206922906448,+0000.9985354309058224,+0000.0002438768035328
+0000.0017722942398721,+0000.9977672909542186,+0000.0004604148059094
+0000.0023765851153685,+0000.9968610625553949,+0000.0007623523292369
+0000.0030171349643303,+0000.9958267839816716,+0000.0011560810539983
+0000.0036803701724400,+0000.9946738165626978,+0000.0016458132648623
+0000.0043551455542461,+0000.9934108880666928,+0000.0022339663790612
+0000.0050323768308158,+0000.9920461336063088,+0000.0029214895628755
+0000.0057047252063209,+0000.9905871341656446,+0000.0037081406280346
+0000.0063663268772368,+0000.9890409528485500,+0000.0045927202742133
+0000.0070125612790312,+0000.9874141689503294,+0000.0055732697706395
+0000.0076398527157908,+0000.9857129099555765,+0000.0066472373286328
+0000.0082455007456849,+0000.9839428815644049,+0000.0078116176899102
+0000.0088275353246471,+0000.9821093958480065,+0000.0090630688273464
+0000.0093845932553124,+0000.9802173976324374,+0000.0103980091122501
+0000.0099158129594438,+0000.9782714892069723,+0000.0118126978335840
+0000.0104207449996791,+0000.9762759534503931,+0000.0133033015499278
+0000.0108992761289675,+0000.9742347754653086,+0000.0148659484057240
+0000.0113515649509226,+0000.9721516628071137,+0000.0164967722419636
+0000.0117779875379223,+0000.9700300643905813,+0000.0181919480714965
+0000.0121790915816588,+0000.9678731881533750,+0000.0199477202649663
+0000.0125555578478100,+0000.9656840175520538,+0000.0217604246001362
+0000.0129081678767062,+0000.9634653269624214,+0000.0236265051608724
+0000.0132377770189249,+0000.9612196960524106,+0000.0255425269286645
+0000.0135452920217672,+0000.9589495231920990,+0000.0275051847861338
+0000.0138316524922625,+0000.9566570379619466,+0000.0295113095457909
+0000.0140978156570472,+0000.9543443128169512,+0000.0315578715260016
+0000.0143447439211960,+0000.9520132739611381,+0000.0336419821176658
+0000.0145733947986057,+0000.9496657114836465,+0000.0357608937177477
+0000.0147847128473525,+0000.9473032888046529,+0000.0379119983479945
+0000.0149796232958881,+0000.9449275514764841,+0000.0400928252276277
+0000.0151590270911344,+0000.9425399353825185,+0000.0423010375263470
+0000.0153237971384723,+0000.9401417743738545,+0000.0445344284876730
+0000.0154747755371483,+0000.9377343073812417,+0000.0467909170816098
+0000.0156127716434711,+0000.9353186850374131,+0000.0490685433191157
+0000.0157385608189939,+0000.9328959758427299,+0000.0513654633382761
+0000.0158528837422077,+0000.9304671719049479,+0000.0536799443528443
+0000.0159564461806001,+0000.9280331942819268,+0000.0560103595374730
+0000.0160499191356666,+0000.9255948979542364,+0000.0583551829100968
+0000.0161339392869556,+0000.9231530764528536,+0000.0607129842601907
+0000.0162091096727938,+0000.9207084661654863,+0000.0630824241617198
+0000.0162760005552423,+0000.9182617503435127,+0000.0654622491012449
+0000.0163351504253008,+0000.9158135628300575,+0000.0678512867446416
+0000.0163870671116152,+0000.9133644915283653,+0000.0702484413600194
+0000.0164322289621183,+0000.9109150816283441,+0000.0726526894095375
+0000.0164710860732914,+0000.9084658386079548,+0000.0750630753187537
+0000.0165040615462143,+0000.9060172310249939,+0000.0774787074287917
+0000.0165315527523680,+0000.9035696931137683,+0000.0798987541338636
+0000.0165539325953800,+0000.9011236272001755,+0000.0823224402044444
+0000.0165715507576236,+0000.8986794059477822,+0000.0847490432945940
+0000.0165847349228859,+0000.8962373744466374,+0000.0871778906304765
+0000.0165937919682500,+0000.8937978521557504,+0000.0896083558759994
+0000.0165990091199636,+0000.8913611347094175,+0000.0920398561706187
+0000.0166006550694180,+0000.8889274955968809,+0000.0944718493337008
+0000.0165989810464964,+0000.8864971877241498,+0000.0969038312293536
+0000.0165942218484791,+0000.8840704448662053,+0000.0993353332853153
+0000.0165865968234687,+0000.8816474830172456,+0000.1017659201592854
+0000.0165763108079254,+0000.8792285016460928,+0000.1041951875459815
+0000.0165635550184165,+0000.8768136848633961,+0000.1066227601181872
+0000.0165485078980912,+0000.8744032025068015,+0000.1090482895951071
+0000.0165313359187241,+0000.8719972111498308,+0000.1114714529314449
+0000.0165121943394185,+0000.8695958550398152,+0000.1138919506207661
+0000.0164912279232621,+0000.8671992669698541,+0000.1163095051068835
+0000.0164685716133681,+0000.8648075690894265,+0000.1187238592972051
+0000.0164443511698396,+0000.8624208736579569,+0000.1211347751722031
+0000.0164186837692641,+0000.8600392837453406,+0000.1235420324853949
+0000.0163916785683850,+0000.8576628938831495,+0000.1259454275484652
+0000.0163634372336123,+0000.8552917906699853,+0000.1283447720964021
+0000.0163340544380354,+0000.8529260533341980,+0000.1307398922277662
+0000.0163036183275815,+0000.8505657542569679,+0000.1331306274154504
+0000.0162722109579329,+0000.8482109594585361,+0000.1355168295835307
+0000.0162399087037819,+0000.8458617290501755,+0000.1378983622460423
+0000.0162067826419501,+0000.8435181176543105,+0000.1402750997037391
+0000.0161728989098515,+0000.8411801747950270,+0000.1426469262951212
+0000.0161383190407216,+0000.8388479452610558,+0000.1450137356982224
+0000.0161031002769775,+0000.8365214694431659,+0000.1473754302798563
+0000.0160672958630132,+0000.8342007836477702,+0000.1497319204892163
+0000.0160309553186751,+0000.8318859203884167,+0000.1520831242929079
+0000.0159941246946022,+0000.8295769086567234,+0000.1544289666486741
+0000.0159568468105548,+0000.8272737741742046,+0000.1567693790152403
+0000.0159191614777995,+0000.8249765396263329,+0000.1591042988958673
+0000.0158811057065569,+0000.8226852248800909,+0000.1614336694133520
+0000.0158427138994662,+0000.8203998471861726,+0000.1637574389143608
+0000.0158040180319669,+0000.8181204213669194,+0000.1660755606011133
+0000.0157650478204428,+0000.8158469599909925,+0000.1683879921885643
+0000.0157258308789279,+0000.8135794735357190,+0000.1706946955853527
+0000.0156863928651242,+0000.8113179705379796,+0000.1729956365968959
+0000.0156467576164350,+0000.8090624577344454,+0000.1752907846491193
+0000.0156069472766775,+0000.8068129401919144,+0000.1775801125314078
+0000.0155669824140939,+0000.8045694214284462,+0000.1798635961574596
+0000.0155268821312427,+0000.8023319035259436,+0000.1821412143428133
+0000.0154866641673173,+0000.8001003872347836,+0000.1844129485978988
+0000.0154463449933994,+0000.7978748720710587,+0000.1866787829355417
+0000.0154059399011276,+0000.7956553564069498,+0000.1889387036919223
+0000.0153654630852258,+0000.7934418375547152,+0000.1911926993600587
+0000.0153249277203095,+0000.7912343118447450,+0000.1934407604349452
+0000.0152843460323608,+0000.7890327746981003,+0000.1956828792695386
+0000.0152437293652359,+0000.7868372206939261,+0000.1979190499408377
+0000.0152030882425453,+0000.7846476436320993,+0000.2001492681253551
+0000.0151624324252255,+0000.7824640365914473,+0000.2023735309833270
+0000.0151217709650964,+0000.7802863919838512,+0000.2045918370510522
+0000.0150811122546838,+0000.7781147016045225,+0000.2068041861407935
+0000.0150404640735624,+0000.7759489566787232,+0000.2090105792477142
+0000.0149998336314609,+0000.7737891479051818,+0000.2112110184633570
+0000.0149592276083539,+0000.7716352654964362,+0000.2134055068952096
+0000.0149186521917479,+0000.7694872992163220,+0000.2155940485919299
+0000.0148781131113579,+0000.7673452384148061,+0000.2177766484738358
+0000.0148376156713546,+0000.7652090720603549,+0000.2199533122682901
+0000.0147971647803522,+0000.7630787887700090,+0000.2221240464496385
+0000.0147567649792929,+0000.7609543768373269,+0000.2242888581833799
+0000.0147164204673761,+0000.7588358242583494,+0000.2264477552742742
+0000.0146761351261677,+0000.7567231187557220,+0000.2286007461181100
+0000.0146359125420172,+0000.7546162478011070,+0000.2307478396568756
+0000.0145957560268996,+0000.7525151986360061,+0000.2328890453370940
+0000.0145556686377943,+0000.7504199582911041,+0000.2350243730711013
+0000.0145156531947014,+0000.7483305136042393,+0000.2371538332010590
+0000.0144757122973914,+0000.7462468512370980,+0000.2392774364655103
+0000.0144358483409777,+0000.7441689576907213,+0000.2413951939683006
+0000.0143960635303937,+0000.7420968193199101,+0000.2435071171496958
+0000.0143563598938506,+0000.7400304223466044,+0000.2456132177595445
+0000.0143167392953498,+0000.7379697528723105,+0000.2477135078323393
+0000.0142772034463127,+0000.7359147968896423,+0000.2498079996640446
+0000.0142377539163936,+0000.7338655402930404,+0000.2518967057905657
+0000.0141983921435300,+0000.7318219688887255,+0000.2539796389677441
+0000.0141591194432858,+0000.7297840684039422,+0000.2560568121527716
+0000.0141199370175360,+0000.7277518244955407,+0000.2581282384869229
+0000.0140808459625400,+0000.7257252227579457,+0000.2601939312795139
+0000.0140418472764456,+0000.7237042487305541,+0000.2622539039929999
+0000.0140029418662647,+0000.7216888879046025,+0000.2643081702291323
+0000.0139641305543570,+0000.7196791257295417,+0000.2663567437161009
+0000.0139254140844567,+0000.7176749476189532,+0000.2683996382965896
+0000.0138867931272747,+0000.7156763389560398,+0000.2704368679166851
+0000.0138482682857055,+0000.7136832850987205,+0000.2724684466155736
+0000.0138098400996670,+0000.7116957713843579,+0000.2744943885159746
+0000.0137715090505990,+0000.7097137831341438,+0000.2765147078152567
+0000.0137332755656445,+0000.7077373056571666,+0000.2785294187771883
+0000.0136951400215360,+0000.7057663242541844,+0000.2805385357242791
+0000.0136571027482077,+0000.7038008242211228,+0000.2825420730306690
+0000.0136191640321528,+0000.7018407908523188,+0000.2845400451155279
+0000.0135813241195439,+0000.6998862094435263,+0000.2865324664369293
+0000.0135435832191335,+0000.6979370652947035,+0000.2885193514861626
+0000.0135059415049490,+0000.6959933437125929,+0000.2905007147824576
+0000.0134683991187988,+0000.6940550300131143,+0000.2924765708680864
+0000.0134309561726001,+0000.6921221095235779,+0000.2944469343038215
+0000.0133936127505435,+0000.6901945675847355,+0000.2964118196647205
+0000.0133563689111039,+0000.6882723895526781,+0000.2983712415362175
+0000.0133192246889101,+0000.6863555608005915,+0000.3003252145104980
+0000.0132821800964819,+0000.6844440667203803,+0000.3022737531831373
+0000.0132452351258450,+0000.6825378927241702,+0000.3042168721499844
+0000.0132083897500310,+0000.6806370242456948,+0000.3061545860042738
+0000.0131716439244726,+0000.6787414467415783,+0000.3080869093339486
+0000.0131349975882991,+0000.6768511456925188,+0000.3100138567191817
+0000.0130984506655411,+0000.6749661066043808,+0000.3119354427300777
+0000.0130620030662498,+0000.6730863150092027,+0000.3138516819245470
+0000.0130256546875373,+0000.6712117564661255,+0000.3157625888463367
+0000.0129894054145429,+0000.6693424165622484,+0000.3176681780232082
+0000.0129532551213319,+0000.6674782809134155,+0000.3195684639652520
+0000.0129172036717301,+0000.6656193351649409,+0000.3214634611633285
+0000.0128812509200995,+0000.6637655649922729,+0000.3233531840876271
+0000.0128453967120596,+0000.6619169561016054,+0000.3252376471863345
+0000.0128096408851568,+0000.6600734942304380,+0000.3271168648844047
+0000.0127739832694869,+0000.6582351651480886,+0000.3289908515824240
+0000.0127384236882739,+0000.6564019546561622,+0000.3308596216555633
+0000.0127029619584069,+0000.6545738485889805,+0000.3327231894526120
+0000.0126675978909398,+0000.6527508328139711,+0000.3345815692950885
+0000.0126323312915553,+0000.6509328932320242,+0000.3364347754764199
+0000.0125971619609959,+0000.6491200157778150,+0000.3382828222611886
+0000.0125620896954642,+0000.6473121864200968,+0000.3401257238844385
+0000.0125271142869955,+0000.6455093911619655,+0000.3419634945510385
+0000.0124922355238034,+0000.6437116160410978,+0000.3437961484350983
+0000.0124574531906007,+0000.6419188471299661,+0000.3456236996794327
+0000.0124227670688980,+0000.6401310705360297,+0000.3474461623950718
+0000.0123881769372811,+0000.6383482724019057,+0000.3492635506608126
+0000.0123536825716681,+0000.6365704389055211,+0000.3510758785228102
+0000.0123192837455488,+0000.6347975562602453,+0000.3528831599942054
+0000.0122849802302067,+0000.6330296107150072,+0000.3546854090547856
+0000.0122507717949255,+0000.6312665885543965,+0000.3564826396506774
+0000.0122166582071808,+0000.6295084760987506,+0000.3582748656940681
+0000.0121826392328178,+0000.6277552597042272,+0000.3600621010629544
+0000.0121487146362168,+0000.6260069257628663,+0000.3618443596009163
+0000.0121148841804467,+0000.6242634607026389,+0000.3636216551169138
+0000.0120811476274071,+0000.6225248509874863,+0000.3653940013851059
+0000.0120475047379613,+0000.6207910831173487,+0000.3671614121446893
+0000.0120139552720586,+0000.6190621436281847,+0000.3689239010997560
+0000.0119804989888483,+0000.6173380190919829,+0000.3706814819191680
+0000.0119471356467860,+0000.6156186961167653,+0000.3724341682364479
+0000.0119138650037315,+0000.6139041613465824,+0000.3741819736496854
+0000.0118806868170400,+0000.6121944014615033,+0000.3759249117214560
+0000.0118476008436466,+0000.6104894031775980,+0000.3776629959787546
+0000.0118146068401452,+0000.6087891532469148,+0000.3793962399129391
+0000.0117817045628609,+0000.6070936384574519,+0000.3811246569796864
+0000.0117488937679176,+0000.6054028456331237,+0000.3828482605989579
+0000.0117161742113009,+0000.6037167616337235,+0000.3845670641549750
+0000.0116835456489158,+0000.6020353733548806,+0000.3862810809962030
+0000.0116510078366411,+0000.6003586677280145,+0000.3879903244353438
+0000.0116185605303786,+0000.5986866317202855,+0000.3896948077493353
+0000.0115862034861000,+0000.5970192523345403,+0000.3913945441793590
+0000.0115539364598895,+0000.5953565166092570,+0000.3930895469308528
+0000.0115217592079834,+0000.5936984116184849,+0000.3947798291735310
+0000.0114896714868070,+0000.5920449244717831,+0000.3964654040414092
+0000.0114576730530088,+0000.5903960423141562,+0000.3981462846328344
+0000.0114257636634916,+0000.5887517523259873,+0000.3998224840105205
+0000.0113939430754422,+0000.5871120417229697,+0000.4014940152015875
+0000.0113622110463578,+0000.5854768977560364,+0000.4031608911976052
+0000.0113305673340713,+0000.5838463077112875,+0000.4048231249546406
+0000.0112990116967742,+0000.5822202589099162,+0000.4064807293933089
+0000.0112675438930381,+0000.5805987387081338,+0000.4081337173988275
+0000.0112361636818340,+0000.5789817344970921,+0000.4097821018210733
+0000.0112048708225506,+0000.5773692337028061,+0000.4114258954746427
+0000.0111736650750112,+0000.5757612237860743,+0000.4130651111389139
+0000.0111425461994890,+0000.5741576922423989,+0000.4146997615581115
+0000.0111115139567210,+0000.5725586266019040,+0000.4163298594413743
+0000.0110805681079216,+0000.5709640144292544,+0000.4179554174628233
+0000.0110497084147943,+0000.5693738433235717,+0000.4195764482616333
+0000.0110189346395428,+0000.5677881009183516,+0000.4211929644421048
+0000.0109882465448813,+0000.5662067748813794,+0000.4228049785737386
+0000.0109576438940434,+0000.5646298529146451,+0000.4244125031913107
+0000.0109271264507911,+0000.5630573227542582,+0000.4260155507949500
+0000.0108966939794222,+0000.5614891721703622,+0000.4276141338502149
+0000.0108663462447778,+0000.5599253889670478,+0000.4292082647881738
+0000.0108360830122483,+0000.5583659609822670,+0000.4307979560054841
+0000.0108059040477797,+0000.5568108760877457,+0000.4323832198644739
+0000.0107758091178790,+0000.5552601221888972,+0000.4339640686932232
+0000.0107457979896186,+0000.5537136872247340,+0000.4355405147856468
+0000.0107158704306412,+0000.5521715591677809,+0000.4371125704015774
+0000.0106860262091634,+0000.5506337260239867,+0000.4386802477668493
+0000.0106562650939795,+0000.5491001758326367,+0000.4402435590733833
+0000.0106265868544647,+0000.5475708966662641,+0000.4418025164792707
+0000.0105969912605777,+0000.5460458766305626,+0000.4433571321088592
+0000.0105674780828632,+0000.5445251038642974,+0000.4449074180528389
+0000.0105380470924546,+0000.5430085665392176,+0000.4464533863683273
+0000.0105086980610754,+0000.5414962528599674,+0000.4479950490789568
+0000.0104794307610410,+0000.5399881510639982,+0000.4495324181749603
+0000.0104502449652605,+0000.5384842494214802,+0000.4510655056132589
+0000.0104211404472373,+0000.5369845362352139,+0000.4525943233175483
+0000.0103921169810707,+0000.5354889998405423,+0000.4541188831783864
+0000.0103631743414564,+0000.5339976286052626,+0000.4556391970532805
+0000.0103343123036873,+0000.5325104109295377,+0000.4571552767667746
+0000.0103055306436537,+0000.5310273352458088,+0000.4586671341105371
+0000.0102768291378439,+0000.5295483900187073,+0000.4601747808434482
+0000.0102482075633445,+0000.5280735637449673,+0000.4616782286916877
+0000.0102196656978401,+0000.5266028449533366,+0000.4631774893488227
+0000.0101912033196134,+0000.5251362222044912,+0000.4646725744758949
+0000.0101628202075450,+0000.5236736840909461,+0000.4661634957015084
+0000.0101345161411133,+0000.5222152192369688,+0000.4676502646219175
+0000.0101062909003937,+0000.5207608162984922,+0000.4691328928011136
+0000.0100781442660586,+0000.5193104639630274,+0000.4706113917709135
+0000.0100500760193766,+0000.5178641509495768,+0000.4720857730310462
+0000.0100220859422118,+0000.5164218660085477,+0000.4735560480492402
+0000.0099941738170233,+0000.5149835979216653,+0000.4750222282613110
+0000.0099663394268643,+0000.5135493355018870,+0000.4764843250712483
+0000.0099385825553814,+0000.5121190675933158,+0000.4779423498513024
+0000.0099109029868134,+0000.5106927830711145,+0000.4793963139420717
+0000.0098833005059908,+0000.5092704708414199,+0000.4808462286525889
+0000.0098557748983346,+0000.5078521198412570,+0000.4822921052604079
+0000.0098283259498552,+0000.5064377190384540,+0000.4837339550116903
+0000.0098009534471513,+0000.5050272574315567,+0000.4851717891212914
+0000.0097736571774093,+0000.5036207240497437,+0000.4866056187728465
+0000.0097464369284013,+0000.5022181079527415,+0000.4880354551188568
+0000.0097192924884847,+0000.5008193982307397,+0000.4894613092807750
+0000.0096922236466007,+0000.4994245840043072,+0000.4908831923490916
+0000.0096652301922728,+0000.4980336544243071,+0000.4923011153834196
+0000.0096383119156061,+0000.4966465986718136,+0000.4937150894125798
+0000.0096114686072857,+0000.4952634059580274,+0000.4951251254346864
+0000.0095847000585753,+0000.4938840655241928,+0000.4965312344172315
+0000.0095580060613161,+0000.4925085666415137,+0000.4979334272971697
+0000.0095313864079255,+0000.4911368986110711,+0000.4993317149810029
+0000.0095048408913955,+0000.4897690507637396,+0000.5007261083448645
+0000.0094783693052915,+0000.4884050124601048,+0000.5021166182346032
+0000.0094519714437511,+0000.4870447730903809,+0000.5035032554658675
+0000.0094256471014824,+0000.4856883220743285,+0000.5048860308241887
+0000.0093993960737625,+0000.4843356488611720,+0000.5062649550650650
+0000.0093732181564368,+0000.4829867429295183,+0000.5076400389140444
+0000.0093471131459167,+0000.4816415937872746,+0000.5090112930668081
+0000.0093210808391788,+0000.4803001909715677,+0000.5103787281892530
+0000.0092951210337632,+0000.4789625240486618,+0000.5117423549175745
+0000.0092692335277720,+0000.4776285826138782,+0000.5131021838583492
+0000.0092434181198681,+0000.4762983562915143,+0000.5144582255886169
+0000.0092176746092737,+0000.4749718347347630,+0000.5158104906559626
+0000.0091920027957685,+0000.4736490076256322,+0000.5171589895785986
+0000.0091664024796889,+0000.4723298646748648,+0000.5185037328454457
+0000.0091408734619257,+0000.4710143956218587,+0000.5198447309162150
+0000.0091154155439236,+0000.4697025902345873,+0000.5211819942214885
+0000.0090900285276788,+0000.4683944383095196,+0000.5225155331628010
+0000.0090647122157383,+0000.4670899296715412,+0000.5238453581127199
+0000.0090394664111979,+0000.4657890541738751,+0000.5251714794149264
+0000.0090142909177011,+0000.4644918016980030,+0000.5264939073842952
+0000.0089891855394375,+0000.4631981621535863,+0000.5278126523069755
+0000.0089641500811411,+0000.4619081254783882,+0000.5291277244404701
+0000.0089391843480892,+0000.4606216816381951,+0000.5304391340137150
+0000.0089142881461009,+0000.4593388206267386,+0000.5317468912271599
+0000.0088894612815353,+0000.4580595324656178,+0000.5330510062528462
+0000.0088647035612904,+0000.4567838072042220,+0000.5343514892344869
+0000.0088400147928014,+0000.4555116349196528,+0000.5356483502875450
+0000.0088153947840395,+0000.4542430057166475,+0000.5369415994993122
+0000.0087908433435102,+0000.4529779097275017,+0000.5382312469289874
+0000.0087663602802517,+0000.4517163371119927,+0000.5395173026077548
+0000.0087419454038340,+0000.4504582780573035,+0000.5407997765388617
+0000.0087175985243570,+0000.4492037227779457,+0000.5420786786976965
+0000.0086933194524491,+0000.4479526615156839,+0000.5433540190318663
+0000.0086691079992657,+0000.4467050845394596,+0000.5446258074612739
+0000.0086449639764882,+0000.4454609821453160,+0000.5458940538781950
+0000.0086208871963219,+0000.4442203446563218,+0000.5471587681473555
+0000.0085968774714950,+0000.4429831624224965,+0000.5484199601060078
+0000.0085729346152571,+0000.4417494258207350,+0000.5496776395640072
+0000.0085490584413776,+0000.4405191252547334,+0000.5509318163038883
+0000.0085252487641444,+0000.4392922511549135,+0000.5521825000809414
+0000.0085015053983624,+0000.4380687939783491,+0000.5534297006232879
+0000.0084778281593523,+0000.4368487442086911,+0000.5546734276319560
+0000.0084542168629487,+0000.4356320923560943,+0000.5559136907809564
+0000.0084306713254992,+0000.4344188289571430,+0000.5571504997173572
+0000.0084071913638627,+0000.4332089445747777,+0000.5583838640613591
+0000.0083837767954078,+0000.4320024297982212,+0000.5596137934063703
+0000.0083604274380120,+0000.4307992752429065,+0000.5608402973190808
+0000.0083371431100597,+0000.4295994715504026,+0000.5620633853395370
+0000.0083139236304411,+0000.4284030093883422,+0000.5632830669812160
+0000.0082907688185505,+0000.4272098794503495,+0000.5644993517310993
+0000.0082676784942853,+0000.4260200724559672,+0000.5657122490497467
+0000.0082446524780445,+0000.4248335791505846,+0000.5669217683713701
+0000.0082216905907271,+0000.4236503903053658,+0000.5681279191039064
+0000.0081987926537306,+0000.4224704967171774,+0000.5693307106290911
+0000.0081759584889504,+0000.4212938892085177,+0000.5705301523025310
+0000.0081531879187774,+0000.4201205586274445,+0000.5717262534537771
+0000.0081304807660974,+0000.4189504958475044,+0000.5729190233863972
+0000.0081078368542891,+0000.4177836917676618,+0000.5741084713780481
+0000.0080852560072234,+0000.4166201373122279,+0000.5752946066805477
+0000.0080627380492615,+0000.4154598234307904,+0000.5764774385199471
+0000.0080402828052536,+0000.4143027410981426,+0000.5776569760966028
+0000.0080178901005381,+0000.4131488813142140,+0000.5788332285852470
+0000.0079955597609393,+0000.4119982351039994,+0000.5800062051350604
+0000.0079732916127668,+0000.4108507935174899,+0000.5811759148697424
+0000.0079510854828140,+0000.4097065476296026,+0000.5823423668875825
+0000.0079289411983565,+0000.4085654885401118,+0000.5835055702615307
+0000.0079068585871509,+0000.4074276073735793,+0000.5846655340392688
+0000.0078848374774337,+0000.4062928952792855,+0000.5858222672432798
+0000.0078628776979195,+0000.4051613434311607,+0000.5869757788709188
+0000.0078409790778000,+0000.4040329430277164,+0000.5881260778944826
+0000.0078191414467428,+0000.4029076852919766,+0000.5892731732612796
+0000.0077973646348894,+0000.4017855614714100,+0000.5904170738936996
+0000.0077756484728549,+0000.4006665628378612,+0000.5915577886892829
+0000.0077539927917257,+0000.3995506806874838,+0000.5926953265207895
+0000.0077323974230588,+0000.3984379063406719,+0000.5938296962362684
+0000.0077108621988804,+0000.3973282311419926,+0000.5949609066591260
+0000.0076893869516843,+0000.3962216464601194,+0000.5960889665881954
+0000.0076679715144310,+0000.3951181436877642,+0000.5972138847978039
+0000.0076466157205460,+0000.3940177142416110,+0000.5983356700378420
+0000.0076253194039189,+0000.3929203495622488,+0000.5994543310338314
+0000.0076040823989018,+0000.3918260411141050,+0000.6005698764869923
+0000.0075829045403082,+0000.3907347803853792,+0000.6016823150743117
+0000.0075617856634116,+0000.3896465588879768,+0000.6027916554486106
+0000.0075407256039443,+0000.3885613681574434,+0000.6038979062386114
+0000.0075197241980960,+0000.3874791997528981,+0000.6050010760490049
+0000.0074987812825127,+0000.3864000452569690,+0000.6061011734605173
+0000.0074778966942955,+0000.3853238962757267,+0000.6071982070299768
+0000.0074570702709988,+0000.3842507444386195,+0000.6082921852903808
+0000.0074363018506297,+0000.3831805813984082,+0000.6093831167509611
+0000.0074155912716464,+0000.3821133988311015,+0000.6104710098972512
+0000.0073949383729570,+0000.3810491884358904,+0000.6115558731911517
+0000.0073743429939181,+0000.3799879419350847,+0000.6126377150709962
+0000.0073538049743340,+0000.3789296510740478,+0000.6137165439516172
+0000.0073333241544549,+0000.3778743076211329,+0000.6147923682244112
+0000.0073129003749760,+0000.3768219033676188,+0000.6158651962574042
+0000.0072925334770362,+0000.3757724301276463,+0000.6169350363953167
+0000.0072722233022166,+0000.3747258797381539,+0000.6180018969596286
+0000.0072519696925400,+0000.3736822440588153,+0000.6190657862486439
+0000.0072317724904686,+0000.3726415149719751,+0000.6201267125375555
+0000.0072116315389038,+0000.3716036843825863,+0000.6211846840785091
+0000.0071915466811842,+0000.3705687442181472,+0000.6222397091006678
+0000.0071715177610850,+0000.3695366864286382,+0000.6232917958102759
+0000.0071515446228164,+0000.3685075029864600,+0000.6243409523907228
+0000.0071316271110222,+0000.3674811858863701,+0000.6253871870026069
+0000.0071117650707793,+0000.3664577271454216,+0000.6264305077837982
+0000.0070919583475958,+0000.3654371188029005,+0000.6274709228495027
+0000.0070722067874103,+0000.3644193529202638,+0000.6285084402923249
+0000.0070525102365901,+0000.3634044215810779,+0000.6295430681823311
+0000.0070328685419307,+0000.3623923168909570,+0000.6305748145671114
+0000.0070132815506542,+0000.3613830309775015,+0000.6316036874718434
+0000.0069937491104082,+0000.3603765559902373,+0000.6326296948993537
+0000.0069742710692645,+0000.3593728841005539,+0000.6336528448301808
+0000.0069548472757181,+0000.3583720075016445,+0000.6346731452226365
+0000.0069354775786861,+0000.3573739184084443,+0000.6356906040128687
+0000.0069161618275061,+0000.3563786090575708,+0000.6367052291149222
+0000.0068968998719355,+0000.3553860717072626,+0000.6377170284208010
+0000.0068776915621501,+0000.3543962986373200,+0000.6387260098005291
+0000.0068585367487429,+0000.3534092821490444,+0000.6397321811022120
+0000.0068394352827230,+0000.3524250145651784,+0000.6407355501520978
+0000.0068203870155147,+0000.3514434882298464,+0000.6417361247546381
+0000.0068013917989557,+0000.3504646955084950,+0000.6427339126925485
+0000.0067824494852966,+0000.3494886287878334,+0000.6437289217268692
+0000.0067635599271994,+0000.3485152804757744,+0000.6447211595970255
+0000.0067447229777365,+0000.3475446430013751,+0000.6457106340208877
+0000.0067259384903895,+0000.3465767088147782,+0000.6466973526948315
+0000.0067072063190480,+0000.3456114703871535,+0000.6476813232937978
+0000.0066885263180086,+0000.3446489202106386,+0000.6486625534713520
+0000.0066698983419737,+0000.3436890507982813,+0000.6496410508597442
+0000.0066513222460501,+0000.3427318546839812,+0000.6506168230699678
+0000.0066327978857486,+0000.3417773244224311,+0000.6515898776918194
+0000.0066143251169821,+0000.3408254525890596,+0000.6525602222939575
+0000.0065959037960648,+0000.3398762317799731,+0000.6535278644239613
+0000.0065775337797112,+0000.3389296546118987,+0000.6544928116083893
+0000.0065592149250347,+0000.3379857137221260,+0000.6554550713528385
+0000.0065409470895469,+0000.3370444017684504,+0000.6564146511420020
+0000.0065227301311559,+0000.3361057114291157,+0000.6573715584397278
+0000.0065045639081658,+0000.3351696354027573,+0000.6583258006890763
+0000.0064864482792753,+0000.3342361664083455,+0000.6592773853123787
+0000.0064683831035765,+0000.3333052971851286,+0000.6602263197112944
+0000.0064503682405540,+0000.3323770204925765,+0000.6611726112668690
+0000.0064324035500839,+0000.3314513291103247,+0000.6621162673395909
+0000.0064144888924322,+0000.3305282158381176,+0000.6630572952694497
+0000.0063966241282545,+0000.3296076734957529,+0000.6639957023759921
+0000.0063788091185941,+0000.3286896949230257,+0000.6649314959583797
+0000.0063610437248816,+0000.3277742729796725,+0000.6658646832954453
+0000.0063433278089333,+0000.3268614005453162,+0000.6667952716457499
+0000.0063256612329505,+0000.3259510705194101,+0000.6677232682476388
+0000.0063080438595182,+0000.3250432758211832,+0000.6686486803192980
+0000.0062904755516041,+0000.3241380093895849,+0000.6695715150588104
+0000.0062729561725577,+0000.3232352641832298,+0000.6704917796442119
+0000.0062554855861088,+0000.3223350331803436,+0000.6714094812335470
+0000.0062380636563670,+0000.3214373093787079,+0000.6723246269649246
+0000.0062206902478201,+0000.3205420857956059,+0000.6732372239565734
+0000.0062033652253336,+0000.3196493554677682,+0000.6741472793068977
+0000.0061860884541492,+0000.3187591114513184,+0000.6750548000945319
+0000.0061688597998838,+0000.3178713468217194,+0000.6759597933783962
+0000.0061516791285288,+0000.3169860546737194,+0000.6768622661977511
+0000.0061345463064486,+0000.3161032281212982,+0000.6777622255722526
+0000.0061174612003800,+0000.3152228602976131,+0000.6786596785020063
+0000.0061004236774308,+0000.3143449443549469,+0000.6795546319676217
+0000.0060834336050789,+0000.3134694734646530,+0000.6804470929302674
+0000.0060664908511715,+0000.3125964408171034,+0000.6813370683317246
+0000.0060495952839235,+0000.3117258396216350,+0000.6822245650944410
+0000.0060327467719171,+0000.3108576631064975,+0000.6831095901215849
+0000.0060159451841004,+0000.3099919045188002,+0000.6839921502970989
+0000.0059991903897865,+0000.3091285571244596,+0000.6848722524857533
+0000.0059824822586525,+0000.3082676142081471,+0000.6857499035331998
+0000.0059658206607386,+0000.3074090690732368,+0000.6866251102660240
+0000.0059492054664465,+0000.3065529150417532,+0000.6874978794917996
+0000.0059326365465393,+0000.3056991454543195,+0000.6883682179991405
+0000.0059161137721399,+0000.3048477536701056,+0000.6892361325577540
+0000.0058996370147300,+0000.3039987330667765,+0000.6901016299184929
+0000.0058832061461493,+0000.3031520770404411,+0000.6909647168134090
+0000.0058668210385946,+0000.3023077790056002,+0000.6918253999558046
+0000.0058504815646184,+0000.3014658323950959,+0000.6926836860402852
+0000.0058341875971282,+0000.3006262306600601,+0000.6935395817428112
+0000.0058179390093856,+0000.2997889672698639,+0000.6943930937207500
+0000.0058017356750051,+0000.2989540357120664,+0000.6952442286129280
+0000.0057855774679530,+0000.2981214294923643,+0000.6960929930396821
+0000.0057694642625470,+0000.2972911421345417,+0000.6969393936029108
+0000.0057533959334546,+0000.2964631671804188,+0000.6977834368861261
+0000.0057373723556922,+0000.2956374981898027,+0000.6986251294545045
+0000.0057213934046247,+0000.2948141287404368,+0000.6994644778549380
+0000.0057054589559637,+0000.2939930524279507,+0000.7003014886160852
+0000.0056895688857672,+0000.2931742628658106,+0000.7011361682484217
+0000.0056737230704384,+0000.2923577536852697,+0000.7019685232442915
+0000.0056579213867245,+0000.2915435185353187,+0000.7027985600779564
+0000.0056421637117162,+0000.2907315510826361,+0000.7036262852056473
+0000.0056264499228464,+0000.2899218450115391,+0000.7044517050656142
+0000.0056107798978894,+0000.2891143940239344,+0000.7052748260781758
+0000.0055951535149599,+0000.2883091918392697,+0000.7060956546457701
+0000.0055795706525120,+0000.2875062321944839,+0000.7069141971530037
+0000.0055640311893384,+0000.2867055088439593,+0000.7077304599667019
+0000.0055485350045693,+0000.2859070155594725,+0000.7085444494359578
+0000.0055330819776716,+0000.2851107461301461,+0000.7093561718921819
+0000.0055176719884478,+0000.2843166943624006,+0000.7101656336491513
+0000.0055023049170353,+0000.2835248540799056,+0000.7109728410030588
+0000.0054869806439051,+0000.2827352191235326,+0000.7117778002325620
+0000.0054716990498613,+0000.2819477833513064,+0000.7125805175988319
+0000.0054564600160400,+0000.2811625406383577,+0000.7133809993456020
+0000.0054412634239080,+0000.2803794848768754,+0000.7141792516992161
+0000.0054261091552627,+0000.2795986099760590,+0000.7149752808686779
+0000.0054109970922304,+0000.2788199098620711,+0000.7157690930456980
+0000.0053959271172657,+0000.2780433784779907,+0000.7165606944047431
+0000.0053808991131506,+0000.2772690097837655,+0000.7173500911030835
+0000.0053659129629937,+0000.2764967977561649,+0000.7181372892808410
+0000.0053509685502290,+0000.2757267363887338,+0000.7189222950610368
+0000.0053360657586151,+0000.2749588196917453,+0000.7197051145496391
+0000.0053212044722344,+0000.2741930416921542,+0000.7204857538356109
+0000.0053063845754923,+0000.2734293964335506,+0000.7212642189909565
+0000.0052916059531159,+0000.2726678779761139,+0000.7220405160707697
+0000.0052768684901535,+0000.2719084803965658,+0000.7228146511132801
+0000.0052621720719734,+0000.2711511977881251,+0000.7235866301399009
+0000.0052475165842633,+0000.2703960242604612,+0000.7243564591552749
+0000.0052329019130292,+0000.2696429539396484,+0000.7251241441473218
+0000.0052183279445945,+0000.2688919809681204,+0000.7258896910872845
+0000.0052037945655995,+0000.2681430995046245,+0000.7266531059297755
+0000.0051893016629997,+0000.2673963037241763,+0000.7274143946128234
+0000.0051748491240660,+0000.2666515878180143,+0000.7281735630579190
+0000.0051604368363829,+0000.2659089459935550,+0000.7289306171700616
+0000.0051460646878480,+0000.2651683724743473,+0000.7296855628378042
+0000.0051317325666713,+0000.2644298615000280,+0000.7304384059333002
+0000.0051174403613740,+0000.2636934073262769,+0000.7311891523123485
+0000.0051031879607878,+0000.2629590042247723,+0000.7319378078144393
+0000.0050889752540540,+0000.2622266464831459,+0000.7326843782627995
+0000.0050748021306227,+0000.2614963284049389,+0000.7334288694644379
+0000.0050606684802518,+0000.2607680443095574,+0000.7341712872101901
+0000.0050465741930064,+0000.2600417885322285,+0000.7349116372747644
+0000.0050325191592575,+0000.2593175554239560,+0000.7356499254167858
+0000.0050185032696818,+0000.2585953393514763,+0000.7363861573788412
+0000.0050045264152600,+0000.2578751346972152,+0000.7371203388875240
+0000.0049905884872770,+0000.2571569358592434,+0000.7378524756534789
+0000.0049766893773199,+0000.2564407372512335,+0000.7385825733714458
+0000.0049628289772781,+0000.2557265333024164,+0000.7393106377203047
+0000.0049490071793419,+0000.2550143184575381,+0000.7400366743631192
+0000.0049352238760022,+0000.2543040871768160,+0000.7407606889471811
+0000.0049214789600488,+0000.2535958339358964,+0000.7414826871040541
+0000.0049077723245705,+0000.2528895532258112,+0000.7422026744496175
+0000.0048941038629537,+0000.2521852395529352,+0000.7429206565841103
+0000.0048804734688817,+0000.2514828874389432,+0000.7436366390921744
+0000.0048668810363340,+0000.2507824914207675,+0000.7443506275428978
+0000.0048533264595853,+0000.2500840460505555,+0000.7450626274898586
+0000.0048398096332047,+0000.2493875458956270,+0000.7457726444711676
+0000.0048263304520551,+0000.2486929855384324,+0000.7464806840095118
+0000.0048128888112920,+0000.2480003595765103,+0000.7471867516121971
+0000.0047994846063630,+0000.2473096626224454,+0000.7478908527711909
+0000.0047861177330071,+0000.2466208893038267,+0000.7485929929631656
+0000.0047727880872532,+0000.2459340342632058,+0000.7492931776495404
+0000.0047594955654202,+0000.2452490921580550,+0000.7499914122765242
+0000.0047462400641155,+0000.2445660576607260,+0000.7506877022751579
+0000.0047330214802347,+0000.2438849254584082,+0000.7513820530613565
+0000.0047198397109602,+0000.2432056902530879,+0000.7520744700359513
+0000.0047066946537611,+0000.2425283467615062,+0000.7527649585847320
+0000.0046935862063918,+0000.2418528897151188,+0000.7534535240784888
+0000.0046805142668917,+0000.2411793138600543,+0000.7541401718730533
+0000.0046674787335839,+0000.2405076139570741,+0000.7548249073093413
+0000.0046544795050749,+0000.2398377847815308,+0000.7555077357133936
+0000.0046415164802535,+0000.2391698211233282,+0000.7561886623964176
+0000.0046285895582901,+0000.2385037177868805,+0000.7568676926548288
+0000.0046156986386358,+0000.2378394695910720,+0000.7575448317702915
+0000.0046028436210220,+0000.2371770713692166,+0000.7582200850097607
+0000.0045900244054591,+0000.2365165179690180,+0000.7588934576255222
+0000.0045772408922362,+0000.2358578042525290,+0000.7595649548552340
+0000.0045644929819199,+0000.2352009250961123,+0000.7602345819219670
+0000.0045517805753539,+0000.2345458753904000,+0000.7609023440342454
+0000.0045391035736578,+0000.2338926500402542,+0000.7615682463860872
+0000.0045264618782270,+0000.2332412439647274,+0000.7622322941570449
+0000.0045138553907311,+0000.2325916520970227,+0000.7628944925122455
+0000.0045012840131138,+0000.2319438693844545,+0000.7635548466024309
+0000.0044887476475917,+0000.2312978907884096,+0000.7642133615639979
+0000.0044762461966541,+0000.2306537112843073,+0000.7648700425190378
+0000.0044637795630615,+0000.2300113258615608,+0000.7655248945753769
+0000.0044513476498454,+0000.2293707295235381,+0000.7661779228266157
+0000.0044389503603073,+0000.2287319172875232,+0000.7668291323521688
+0000.0044265875980179,+0000.2280948841846773,+0000.7674785282173040
+0000.0044142592668168,+0000.2274596252600001,+0000.7681261154731823
+0000.0044019652708112,+0000.2268261355722911,+0000.7687718991568969
+0000.0043897055143751,+0000.2261944101941117,+0000.7694158842915123
+0000.0043774799021494,+0000.2255644442117464,+0000.7700580758861034
+0000.0043652883390402,+0000.2249362327251645,+0000.7706984789357946
+0000.0043531307302184,+0000.2243097708479825,+0000.7713370984217983
+0000.0043410069811192,+0000.2236850537074256,+0000.7719739393114543
+0000.0043289169974412,+0000.2230620764442902,+0000.7726090065582677
+0000.0043168606851453,+0000.2224408342129058,+0000.7732423051019480
+0000.0043048379504548,+0000.2218213221810971,+0000.7738738398684473
+0000.0042928486998537,+0000.2212035355301473,+0000.7745036157699982
+0000.0042808928400867,+0000.2205874694547595,+0000.7751316377051529
+0000.0042689702781583,+0000.2199731191630201,+0000.7757579105588207
+0000.0042570809213318,+0000.2193604798763614,+0000.7763824392023060
+0000.0042452246771288,+0000.2187495468295240,+0000.7770052284933463
+0000.0042334014533285,+0000.2181403152705205,+0000.7776262832761501
+0000.0042216111579671,+0000.2175327804605977,+0000.7782456083814344
+0000.0042098536993366,+0000.2169269376742002,+0000.7788632086264623
+0000.0041981289859848,+0000.2163227821989338,+0000.7794790888150805
+0000.0041864369267138,+0000.2157203093355283,+0000.7800932537377571
+0000.0041747774305800,+0000.2151195143978015,+0000.7807057081716177
+0000.0041631504068929,+0000.2145203927126225,+0000.7813164568804838
+0000.0041515557652147,+0000.2139229396198751,+0000.7819255046149093
+0000.0041399934153594,+0000.2133271504724224,+0000.7825328561122173
+0000.0041284632673922,+0000.2127330206360695,+0000.7831385160965375
+0000.0041169652316288,+0000.2121405454895283,+0000.7837424892788422
+0000.0041054992186345,+0000.2115497204243812,+0000.7843447803569834
+0000.0040940651392241,+0000.2109605408450455,+0000.7849453940157296
+0000.0040826629044602,+0000.2103730021687372,+0000.7855443349268018
+0000.0040712924256537,+0000.2097870998254358,+0000.7861416077489097
+0000.0040599536143620,+0000.2092028292578488,+0000.7867372171277883
+0000.0040486463823891,+0000.2086201859213759,+0000.7873311676962341
+0000.0040373706417846,+0000.2080391652840735,+0000.7879234640741409
+0000.0040261263048431,+0000.2074597628266203,+0000.7885141108685357
+0000.0040149132841032,+0000.2068819740422811,+0000.7891031126736148
+0000.0040037314923473,+0000.2063057944368727,+0000.7896904740707791
+0000.0039925808426007,+0000.2057312195287282,+0000.7902761996286702
+0000.0039814612481310,+0000.2051582448486623,+0000.7908602939032059
+0000.0039703726224471,+0000.2045868659399371,+0000.7914427614376149
+0000.0039593148792990,+0000.2040170783582268,+0000.7920236067624734
+0000.0039482879326769,+0000.2034488776715831,+0000.7926028343957392
+0000.0039372916968105,+0000.2028822594604013,+0000.7931804488427875
+0000.0039263260861682,+0000.2023172193173854,+0000.7937564545964456
+0000.0039153910154570,+0000.2017537528475140,+0000.7943308561370283
+0000.0039044863996211,+0000.2011918556680063,+0000.7949036579323719
+0000.0038936121538417,+0000.2006315234082875,+0000.7954748644378701
+0000.0038827681935363,+0000.2000727517099555,+0000.7960444800965074
+0000.0038719544343579,+0000.1995155362267464,+0000.7966125093388948
+0000.0038611707921944,+0000.1989598726245010,+0000.7971789565833037
+0000.0038504171831680,+0000.1984057565811310,+0000.7977438262357002
+0000.0038396935236345,+0000.1978531837865853,+0000.7983071226897794
+0000.0038289997301826,+0000.1973021499428167,+0000.7988688503269999
+0000.0038183357196333,+0000.1967526507637483,+0000.7994290135166177
+0000.0038077014090393,+0000.1962046819752401,+0000.7999876166157198
+0000.0037970967156844,+0000.1956582393150561,+0000.8005446639692587
+0000.0037865215570827,+0000.1951133185328307,+0000.8011001599100859
+0000.0037759758509779,+0000.1945699153900359,+0000.8016541087589855
+0000.0037654595153429,+0000.1940280256599482,+0000.8022065148247081
+0000.0037549724683792,+0000.1934876451276159,+0000.8027573824040041
+0000.0037445146285158,+0000.1929487695898262,+0000.8033067157816571
+0000.0037340859144092,+0000.1924113948550724,+0000.8038545192305175
+0000.0037236862449422,+0000.1918755167435215,+0000.8044007970115354
+0000.0037133155392236,+0000.1913411310869818,+0000.8049455533737938
+0000.0037029737165875,+0000.1908082337288699,+0000.8054887925545418
+0000.0036926606965927,+0000.1902768205241791,+0000.8060305187792274
+0000.0036823763990220,+0000.1897468873394465,+0000.8065707362615306
+0000.0036721207438815,+0000.1892184300527214,+0000.8071094492033962
+0000.0036618936514003,+0000.1886914445535328,+0000.8076466617950659
+0000.0036516950420295,+0000.1881659267428580,+0000.8081823782151116
+0000.0036415248364419,+0000.1876418725330897,+0000.8087166026304675
+0000.0036313829555310,+0000.1871192778480056,+0000.8092493391964626
+0000.0036212693204108,+0000.1865981386227354,+0000.8097805920568530
+0000.0036111838524150,+0000.1860784508037298,+0000.8103103653438544
+0000.0036011264730963,+0000.1855602103487292,+0000.8108386631781738
+0000.0035910971042260,+0000.1850434132267315,+0000.8113654896690417
+0000.0035810956677931,+0000.1845280554179617,+0000.8118908489142443
+0000.0035711220860040,+0000.1840141329138397,+0000.8124147450001555
+0000.0035611762812818,+0000.1835016417169498,+0000.8129371820017677
+0000.0035512581762654,+0000.1829905778410093,+0000.8134581639827245
+0000.0035413676938095,+0000.1824809373108376,+0000.8139776949953522
+0000.0035315047569835,+0000.1819727161623250,+0000.8144957790806908
+0000.0035216692890710,+0000.1814659104424024,+0000.8150124202685259
+0000.0035118612135692,+0000.1809605162090101,+0000.8155276225774200
+0000.0035020804541886,+0000.1804565295310673,+0000.8160413900147433
+0000.0034923269348521,+0000.1799539464884416,+0000.8165537265767056
+0000.0034826005796943,+0000.1794527631719183,+0000.8170646362483867
+0000.0034729013130613,+0000.1789529756831701,+0000.8175741230037679
+0000.0034632290595097,+0000.1784545801347271,+0000.8180821908057625
+0000.0034535837438065,+0000.1779575726499457,+0000.8185888436062471
+0000.0034439652909279,+0000.1774619493629795,+0000.8190940853460917
+0000.0034343736260593,+0000.1769677064187486,+0000.8195979199551913
+0000.0034248086745944,+0000.1764748399729095,+0000.8201003513524953
+0000.0034152703621345,+0000.1759833461918257,+0000.8206013834460388
+0000.0034057586144884,+0000.1754932212525377,+0000.8211010201329729
+0000.0033962733576714,+0000.1750044613427329,+0000.8215992652995948
+0000.0033868145179047,+0000.1745170626607165,+0000.8220961228213779
+0000.0033773820216152,+0000.1740310214153814,+0000.8225915965630024
+0000.0033679757954346,+0000.1735463338261792,+0000.8230856903783852
+0000.0033585957661990,+0000.1730629961230906,+0000.8235784081107095
+0000.0033492418609481,+0000.1725810045465957,+0000.8240697535924552
+0000.0033399140069251,+0000.1721003553476455,+0000.8245597306454283
+0000.0033306121315756,+0000.1716210447876323,+0000.8250483430807911
+0000.0033213361625472,+0000.1711430691383603,+0000.8255355946990914
+0000.0033120860276893,+0000.1706664246820175,+0000.8260214892902923
+0000.0033028616550520,+0000.1701911077111457,+0000.8265060306338015
+0000.0032936629728858,+0000.1697171145286126,+0000.8269892224985007
+0000.0032844899096412,+0000.1692444414475825,+0000.8274710686427754
+0000.0032753423939677,+0000.1687730847914878,+0000.8279515728145436
+0000.0032662203547138,+0000.1683030408940004,+0000.8284307387512849
+0000.0032571237209261,+0000.1678343060990031,+0000.8289085701800700
+0000.0032480524218485,+0000.1673668767605613,+0000.8293850708175894
+0000.0032390063869224,+0000.1669007492428944,+0000.8298602443701822
+0000.0032299855457855,+0000.1664359199203480,+0000.8303340945338656
+0000.0032209898282714,+0000.1659723851773650,+0000.8308066249943626
+0000.0032120191644092,+0000.1655101414084582,+0000.8312778394271316
+0000.0032030734844229,+0000.1650491850181816,+0000.8317477414973945
+0000.0031941527187308,+0000.1645895124211030,+0000.8322163348601652
+0000.0031852567979450,+0000.1641311200417758,+0000.8326836231602782
+0000.0031763856528708,+0000.1636740043147111,+0000.8331496100324171
+0000.0031675392145063,+0000.1632181616843503,+0000.8336142991011424
+0000.0031587174140416,+0000.1627635886050372,+0000.8340776939809201
+0000.0031499201828588,+0000.1623102815409904,+0000.8345397982761498
+0000.0031411474525306,+0000.1618582369662760,+0000.8350006155811923
+0000.0031323991548207,+0000.1614074513647800,+0000.8354601494803983
+0000.0031236752216827,+0000.1609579212301809,+0000.8359184035481353
+0000.0031149755852597,+0000.1605096430659228,+0000.8363753813488165
+0000.0031063001778836,+0000.1600626133851877,+0000.8368310864369276
+0000.0030976489320752,+0000.1596168287108687,+0000.8372855223570551
+0000.0030890217805429,+0000.1591722855755427,+0000.8377386926439134
+0000.0030804186561825,+0000.1587289805214440,+0000.8381906008223726
+0000.0030718394920768,+0000.1582869101004365,+0000.8386412504074858
+0000.0030632842214950,+0000.1578460708739877,+0000.8390906449045165
+0000.0030547527778921,+0000.1574064594131417,+0000.8395387878089654
+0000.0030462450949085,+0000.1569680722984921,+0000.8399856826065987
+0000.0030377611063692,+0000.1565309061201561,+0000.8404313327734739
+0000.0030293007462837,+0000.1560949574777475,+0000.8408757417759679
+0000.0030208639488453,+0000.1556602229803505,+0000.8413189130708033
+0000.0030124506484304,+0000.1552266992464931,+0000.8417608501050756
+0000.0030040607795984,+0000.1547943829041209,+0000.8422015563162798
+0000.0029956942770907,+0000.1543632705905710,+0000.8426410351323375
+0000.0029873510758307,+0000.1539333589525457,+0000.8430792899716227
+0000.0029790311109229,+0000.1535046446460863,+0000.8435163242429898
+0000.0029707343176526,+0000.1530771243365476,+0000.8439521413457989
+0000.0029624606314852,+0000.1526507946985712,+0000.8443867446699427
+0000.0029542099880660,+0000.1522256524160603,+0000.8448201375958728
+0000.0029459823232194,+0000.1518016941821534,+0000.8452523234946262
+0000.0029377775729487,+0000.1513789166991992,+0000.8456833057278512
+0000.0029295956734352,+0000.1509573166787301,+0000.8461130876478338
+0000.0029214365610382,+0000.1505368908414375,+0000.8465416725975233
+0000.0029133001722940,+0000.1501176359171457,+0000.8469690639105593
+0000.0029051864439159,+0000.1496995486447867,+0000.8473952649112964
+0000.0028970953127933,+0000.1492826257723747,+0000.8478202789148310
+0000.0028890267159912,+0000.1488668640569810,+0000.8482441092270268
+0000.0028809805907503,+0000.1484522602647086,+0000.8486667591445402
+0000.0028729568744857,+0000.1480388111706670,+0000.8490882319548463
+0000.0028649555047871,+0000.1476265135589475,+0000.8495085309362644
+0000.0028569764194178,+0000.1472153642225977,+0000.8499276593579835
+0000.0028490195563144,+0000.1468053599635969,+0000.8503456204800877
+0000.0028410848535867,+0000.1463964975928309,+0000.8507624175535814
+0000.0028331722495164,+0000.1459887739300677,+0000.8511780538204149
+0000.0028252816825574,+0000.1455821858039321,+0000.8515925325135094
+0000.0028174130913350,+0000.1451767300518816,+0000.8520058568567823
+0000.0028095664146453,+0000.1447724035201814,+0000.8524180300651721
+0000.0028017415914549,+0000.1443692030638805,+0000.8528290553446635
+0000.0027939385609005,+0000.1439671255467863,+0000.8532389358923121
+0000.0027861572622880,+0000.1435661678414408,+0000.8536476748962700
+0000.0027783976350927,+0000.1431663268290964,+0000.8540552755358097
+0000.0027706596189584,+0000.1427675993996911,+0000.8544617409813494
+0000.0027629431536966,+0000.1423699824518249,+0000.8548670743944773
+0000.0027552481792870,+0000.1419734728927353,+0000.8552712789279765
+0000.0027475746358761,+0000.1415780676382732,+0000.8556743577258495
+0000.0027399224637773,+0000.1411837636128793,+0000.8560763139233424
+0000.0027322916034699,+0000.1407905577495598,+0000.8564771506469693
+0000.0027246819955993,+0000.1403984469898626,+0000.8568768710145370
+0000.0027170935809762,+0000.1400074282838537,+0000.8572754781351690
+0000.0027095263005759,+0000.1396174985900934,+0000.8576729751093297
+0000.0027019800955383,+0000.1392286548756125,+0000.8580693650288482
+0000.0026944549071671,+0000.1388408941158887,+0000.8584646509769431
+0000.0026869506769296,+0000.1384542132948235,+0000.8588588360282459
+0000.0026794673464560,+0000.1380686094047184,+0000.8592519232488246
+0000.0026720048575392,+0000.1376840794462511,+0000.8596439156962087
+0000.0026645631521340,+0000.1373006204284531,+0000.8600348164194118
+0000.0026571421723570,+0000.1369182293686857,+0000.8604246284589562
+0000.0026497418604861,+0000.1365369032926171,+0000.8608133548468957
+0000.0026423621589598,+0000.1361566392341992,+0000.8612009986068400
+0000.0026350030103769,+0000.1357774342356445,+0000.8615875627539775
+0000.0026276643574962,+0000.1353992853474031,+0000.8619730502950996
+0000.0026203461432359,+0000.1350221896281400,+0000.8623574642286231
+0000.0026130483106730,+0000.1346461441447117,+0000.8627408075446142
+0000.0026057708030432,+0000.1342711459721440,+0000.8631230832248118
+0000.0025985135637403,+0000.1338971921936086,+0000.8635042942426501
+0000.0025912765363157,+0000.1335242799004011,+0000.8638844435632822
+0000.0025840596644779,+0000.1331524061919177,+0000.8642635341436032
+0000.0025768628920925,+0000.1327815681756333,+0000.8646415689322732
+0000.0025696861631811,+0000.1324117629670784,+0000.8650185508697394
+0000.0025625294219214,+0000.1320429876898171,+0000.8653944828882605
+0000.0025553926126464,+0000.1316752394754245,+0000.8657693679119280
+0000.0025482756798443,+0000.1313085154634644,+0000.8661432088566902
+0000.0025411785681579,+0000.1309428128014672,+0000.8665160086303738
+0000.0025341012223841,+0000.1305781286449075,+0000.8668877701327073
+0000.0025270435874734,+0000.1302144601571821,+0000.8672584962553433
+0000.0025200056085300,+0000.1298518045095880,+0000.8676281898818808
+0000.0025129872308107,+0000.1294901588813004,+0000.8679968538878878
+0000.0025059883997248,+0000.1291295204593504,+0000.8683644911409237
+0000.0024990090608336,+0000.1287698864386037,+0000.8687311045005616
+0000.0024920491598502,+0000.1284112540217382,+0000.8690966968184104
+0000.0024851086426388,+0000.1280536204192228,+0000.8694612709381373
+0000.0024781874552142,+0000.1276969828492951,+0000.8698248296954895
+0000.0024712855437418,+0000.1273413385379405,+0000.8701873759183165
+0000.0024644028545368,+0000.1269866847188698,+0000.8705489124265922
+0000.0024575393340640,+0000.1266330186334984,+0000.8709094420324364
+0000.0024506949289372,+0000.1262803375309244,+0000.8712689675401373
+0000.0024438695859190,+0000.1259286386679072,+0000.8716274917461726
+0000.0024370632519201,+0000.1255779193088466,+0000.8719850174392321
+0000.0024302758739992,+0000.1252281767257611,+0000.8723415474002385
+0000.0024235073993624,+0000.1248794081982667,+0000.8726970844023697
+0000.0024167577753628,+0000.1245316110135559,+0000.8730516312110801
+0000.0024100269495003,+0000.1241847824663766,+0000.8734051905841219
+0000.0024033148694207,+0000.1238389198590110,+0000.8737577652715670
+0000.0023966214829160,+0000.1234940205012545,+0000.8741093580158282
+0000.0023899467379232,+0000.1231500817103951,+0000.8744599715516804
+0000.0023832905825245,+0000.1228071008111921,+0000.8748096086062820
+0000.0023766529649468,+0000.1224650751358557,+0000.8751582718991961
+0000.0023700338335610,+0000.1221240020240259,+0000.8755059641424118
+0000.0023634331368819,+0000.1217838788227521,+0000.8758526880403646
+0000.0023568508235677,+0000.1214447028864722,+0000.8761984462899587
+0000.0023502868424194,+0000.1211064715769925,+0000.8765432415805867
+0000.0023437411423809,+0000.1207691822634664,+0000.8768870765941513
+0000.0023372136725380,+0000.1204328323223747,+0000.8772299540050860
+0000.0023307043821185,+0000.1200974191375047,+0000.8775718764803755
+0000.0023242132204916,+0000.1197629400999300,+0000.8779128466795771
+0000.0023177401371673,+0000.1194293926079903,+0000.8782528672548411
+0000.0023112850817964,+0000.1190967740672711,+0000.8785919408509311
+0000.0023048480041700,+0000.1187650818905836,+0000.8789300701052450
+0000.0022984288542189,+0000.1184343134979443,+0000.8792672576478355
+0000.0022920275820132,+0000.1181044663165551,+0000.8796035061014303
+0000.0022856441377624,+0000.1177755377807836,+0000.8799388180814527
+0000.0022792784718145,+0000.1174475253321426,+0000.8802731961960416
+0000.0022729305346557,+0000.1171204264192705,+0000.8806066430460725
+0000.0022666002769103,+0000.1167942384979114,+0000.8809391612251771
+0000.0022602876493398,+0000.1164689590308953,+0000.8812707533197637
+0000.0022539926028432,+0000.1161445854881185,+0000.8816014219090371
+0000.0022477150884560,+0000.1158211153465237,+0000.8819311695650190
+0000.0022414550573502,+0000.1154985460900805,+0000.8822599988525681
+0000.0022352124608337,+0000.1151768752097657,+0000.8825879123293994
+0000.0022289872503500,+0000.1148561002035442,+0000.8829149125461045
+0000.0022227793774780,+0000.1145362185763489,+0000.8832410020461718
+0000.0022165887939313,+0000.1142172278400617,+0000.8835661833660058
+0000.0022104154515579,+0000.1138991255134941,+0000.8838904590349467
+0000.0022042593023402,+0000.1135819091223681,+0000.8842138315752905
+0000.0021981202983940,+0000.1132655761992962,+0000.8845363035023085
+0000.0021919983919687,+0000.1129501242837633,+0000.8848578773242667
+0000.0021858935354466,+0000.1126355509221066,+0000.8851785555424455
+0000.0021798056813425,+0000.1123218536674971,+0000.8854983406511591
+0000.0021737347823038,+0000.1120090300799203,+0000.8858172351377747
+0000.0021676807911094,+0000.1116970777261573,+0000.8861352414827320
+0000.0021616436606699,+0000.1113859941797658,+0000.8864523621595630
+0000.0021556233440271,+0000.1110757770210616,+0000.8867685996349102
+0000.0021496197943533,+0000.1107664238370991,+0000.8870839563685464
+0000.0021436329649515,+0000.1104579322216531,+0000.8873984348133942
+0000.0021376628092548,+0000.1101502997751998,+0000.8877120374155442
+0000.0021317092808257,+0000.1098435241048984,+0000.8880247666142747
+0000.0021257723333562,+0000.1095376028245722,+0000.8883366248420704
+0000.0021198519206673,+0000.1092325335546901,+0000.8886476145246414
+0000.0021139479967086,+0000.1089283139223482,+0000.8889577380809420
+0000.0021080605155579,+0000.1086249415612514,+0000.8892669979231896
+0000.0021021894314209,+0000.1083224141116946,+0000.8895753964568834
+0000.0020963346986308,+0000.1080207292205450,+0000.8898829360808230
+0000.0020904962716482,+0000.1077198845412231,+0000.8901896191871275
+0000.0020846741050603,+0000.1074198777336850,+0000.8904954481612535
+0000.0020788681535809,+0000.1071207064644039,+0000.8908004253820141
+0000.0020730783720498,+0000.1068223684063519,+0000.8911045532215971
+0000.0020673047154327,+0000.1065248612389822,+0000.8914078340455839
+0000.0020615471388207,+0000.1062281826482109,+0000.8917102702129673
+0000.0020558055974299,+0000.1059323303263987,+0000.8920118640761704
+0000.0020500800466012,+0000.1056373019723334,+0000.8923126179810643
+0000.0020443704417998,+0000.1053430952912120,+0000.8926125342669872
+0000.0020386767386151,+0000.1050497079946224,+0000.8929116152667615
+0000.0020329988927600,+0000.1047571378005259,+0000.8932098633067131
+0000.0020273368600708,+0000.1044653824332396,+0000.8935072807066886
+0000.0020216905965069,+0000.1041744396234183,+0000.8938038697800738
+0000.0020160600581502,+0000.1038843071080374,+0000.8940996328338113
+0000.0020104452012050,+0000.1035949826303746,+0000.8943945721684193
+0000.0020048459819976,+0000.1033064639399928,+0000.8946886900780084
+0000.0019992623569759,+0000.1030187487927228,+0000.8949819888503002
+0000.0019936942827090,+0000.1027318349506453,+0000.8952744707666447
+0000.0019881417158871,+0000.1024457201820737,+0000.8955661381020382
+0000.0019826046133209,+0000.1021604022615368,+0000.8958569931251412
+0000.0019770829319416,+0000.1018758789697619,+0000.8961470380982955
+0000.0019715766288001,+0000.1015921480936565,+0000.8964362752775424
+0000.0019660856610671,+0000.1013092074262920,+0000.8967247069126399
+0000.0019606099860324,+0000.1010270547668864,+0000.8970123352470802
+0000.0019551495611049,+0000.1007456879207866,+0000.8972991625181075
+0000.0019497043438120,+0000.1004651046994523,+0000.8975851909567347
+0000.0019442742917996,+0000.1001853029204378,+0000.8978704227877615
+0000.0019388593628314,+0000.0999062804073762,+0000.8981548602297914
+0000.0019334595147886,+0000.0996280349899616,+0000.8984385054952487
+0000.0019280747056699,+0000.0993505645039327,+0000.8987213607903963
+0000.0019227048935911,+0000.0990738667910557,+0000.8990034283153522
+0000.0019173500367843,+0000.0987979396991077,+0000.8992847102641071
+0000.0019120100935981,+0000.0985227810818598,+0000.8995652088245412
+0000.0019066850224972,+0000.0982483887990605,+0000.8998449261784414
+0000.0019013747820619,+0000.0979747607164191,+0000.9001238645015180
+0000.0018960793309878,+0000.0977018947055890,+0000.9004020259634223
+0000.0018907986280855,+0000.0974297886441512,+0000.9006794127277624
+0000.0018855326322805,+0000.0971584404155977,+0000.9009560269521208
+0000.0018802813026126,+0000.0968878479093153,+0000.9012318707880712
+0000.0018750445982355,+0000.0966180090205687,+0000.9015069463811948
+0000.0018698224784170,+0000.0963489216504848,+0000.9017812558710973
+0000.0018646149025381,+0000.0960805837060355,+0000.9020548013914254
+0000.0018594218300931,+0000.0958129931000225,+0000.9023275850698835
+0000.0018542432206888,+0000.0955461477510599,+0000.9025996090282504
+0000.0018490790340448,+0000.0952800455835591,+0000.9028708753823953
+0000.0018439292299928,+0000.0950146845277118,+0000.9031413862422946
+0000.0018387937684764,+0000.0947500625194744,+0000.9034111437120483
+0000.0018336726095506,+0000.0944861775005518,+0000.9036801498898968
+0000.0018285657133819,+0000.0942230274183813,+0000.9039484068682360
+0000.0018234730402475,+0000.0939606102261168,+0000.9042159167336349
+0000.0018183945505353,+0000.0936989238826128,+0000.9044826815668511
+0000.0018133302047437,+0000.0934379663524084,+0000.9047487034428471
+0000.0018082799634809,+0000.0931777356057118,+0000.9050139844308065
+0000.0018032437874648,+0000.0929182296183841,+0000.9052785265941503
+0000.0017982216375229,+0000.0926594463719238,+0000.9055423319905525
+0000.0017932134745916,+0000.0924013838534512,+0000.9058054026719563
+0000.0017882192597163,+0000.0921440400556924,+0000.9060677406845904
+0000.0017832389540506,+0000.0918874129769640,+0000.9063293480689845
+0000.0017782725188566,+0000.0916315006211575,+0000.9065902268599850
+0000.0017733199155040,+0000.0913763009977234,+0000.9068503790867716
+0000.0017683811054704,+0000.0911218121216564,+0000.9071098067728722
+0000.0017634560503404,+0000.0908680320134792,+0000.9073685119361794
+0000.0017585447118058,+0000.0906149586992278,+0000.9076264965889655
+0000.0017536470516648,+0000.0903625902104355,+0000.9078837627378988
+0000.0017487630318225,+0000.0901109245841180,+0000.9081403123840586
+0000.0017438926142895,+0000.0898599598627583,+0000.9083961475229512
+0000.0017390357611827,+0000.0896096940942909,+0000.9086512701445254
+0000.0017341924347241,+0000.0893601253320871,+0000.9089056822331878
+0000.0017293625972414,+0000.0891112516349395,+0000.9091593857678182
+0000.0017245462111666,+0000.0888630710670473,+0000.9094123827217850
+0000.0017197432390370,+0000.0886155816980010,+0000.9096646750629611
+0000.0017149536434936,+0000.0883687816027672,+0000.9099162647537383
+0000.0017101773872819,+0000.0881226688616740,+0000.9101671537510432
+0000.0017054144332511,+0000.0878772415603961,+0000.9104173440063520
+0000.0017006647443535,+0000.0876324977899392,+0000.9106668374657063
+0000.0016959282836451,+0000.0873884356466264,+0000.9109156360697276
+0000.0016912050142844,+0000.0871450532320819,+0000.9111637417536328
+0000.0016864948995327,+0000.0869023486532176,+0000.9114111564472488
+0000.0016817979027536,+0000.0866603200222173,+0000.9116578820750281
+0000.0016771139874126,+0000.0864189654565230,+0000.9119039205560634
+0000.0016724431170772,+0000.0861782830788192,+0000.9121492738041026
+0000.0016677852554161,+0000.0859382710170193,+0000.9123939437275637
+0000.0016631403661993,+0000.0856989274042502,+0000.9126379322295495
+0000.0016585084132978,+0000.0854602503788385,+0000.9128812412078626
+0000.0016538893606831,+0000.0852222380842956,+0000.9131238725550204
+0000.0016492831724270,+0000.0849848886693031,+0000.9133658281582689
+0000.0016446898127015,+0000.0847482002876988,+0000.9136071098995987
+0000.0016401092457783,+0000.0845121710984623,+0000.9138477196557584
+0000.0016355414360287,+0000.0842767992657005,+0000.9140876592982700
+0000.0016309863479230,+0000.0840420829586332,+0000.9143269306934430
+0000.0016264439460307,+0000.0838080203515792,+0000.9145655357023892
+0000.0016219141950198,+0000.0835746096239420,+0000.9148034761810373
+0000.0016173970596569,+0000.0833418489601954,+0000.9150407539801467
+0000.0016128925048066,+0000.0831097365498697,+0000.9152773709453228
+0000.0016084004954312,+0000.0828782705875374,+0000.9155133289170304
+0000.0016039209965910,+0000.0826474492727993,+0000.9157486297306088
+0000.0015994539734431,+0000.0824172708102703,+0000.9159832752162856
+0000.0015949993912421,+0000.0821877334095657,+0000.9162172671991913
+0000.0015905572153390,+0000.0819588352852870,+0000.9164506074993729
+0000.0015861274111815,+0000.0817305746570084,+0000.9166832979318090
+0000.0015817099443136,+0000.0815029497492625,+0000.9169153403064229
+0000.0015773047803751,+0000.0812759587915266,+0000.9171467364280973
+0000.0015729118851015,+0000.0810496000182092,+0000.9173774880966883
+0000.0015685312243238,+0000.0808238716686360,+0000.9176075971070391
+0000.0015641627639681,+0000.0805987719870364,+0000.9178370652489943
+0000.0015598064700556,+0000.0803742992225296,+0000.9180658943074137
+0000.0015554623087018,+0000.0801504516291112,+0000.9182940860621859
+0000.0015511302461168,+0000.0799272274656394,+0000.9185216422882426
+0000.0015468102486048,+0000.0797046249958219,+0000.9187485647555722
+0000.0015425022825637,+0000.0794826424882017,+0000.9189748552292335
+0000.0015382063144852,+0000.0792612782161443,+0000.9192005154693694
+0000.0015339223109541,+0000.0790405304578238,+0000.9194255472312209
+0000.0015296502386484,+0000.0788203974962099,+0000.9196499522651406
+0000.0015253900643389,+0000.0786008776190541,+0000.9198737323166059
+0000.0015211417548888,+0000.0783819691188769,+0000.9200968891262331
+0000.0015169052772539,+0000.0781636702929539,+0000.9203194244297910
+0000.0015126805984817,+0000.0779459794433033,+0000.9205413399582139
+0000.0015084676857116,+0000.0777288948766719,+0000.9207626374376153
+0000.0015042665061746,+0000.0775124149045226,+0000.9209833185893017
+0000.0015000770271928,+0000.0772965378430208,+0000.9212033851297853
+0000.0014958992161795,+0000.0770812620130215,+0000.9214228387707978
+0000.0014917330406386,+0000.0768665857400565,+0000.9216416812193038
+0000.0014875784681646,+0000.0766525073543207,+0000.9218599141775136
+0000.0014834354664421,+0000.0764390251906598,+0000.9220775393428969
+0000.0014793040032460,+0000.0762261375885570,+0000.9222945584081959
+0000.0014751840464406,+0000.0760138428921201,+0000.9225109730614381
+0000.0014710755639799,+0000.0758021394500686,+0000.9227267849859503
+0000.0014669785239071,+0000.0755910256157210,+0000.9229419958603706
+0000.0014628928943545,+0000.0753804997469820,+0000.9231566073586621
+0000.0014588186435430,+0000.0751705602063296,+0000.9233706211501261
+0000.0014547557397821,+0000.0749612053608023,+0000.9235840388994143
+0000.0014507041514696,+0000.0747524335819865,+0000.9237968622665427
+0000.0014466638470911,+0000.0745442432460039,+0000.9240090929069037
+0000.0014426347952201,+0000.0743366327334990,+0000.9242207324712796
+0000.0014386169645178,+0000.0741296004296260,+0000.9244317826058549
+0000.0014346103237325,+0000.0739231447240366,+0000.9246422449522297
+0000.0014306148416995,+0000.0737172640108675,+0000.9248521211474318
+0000.0014266304873409,+0000.0735119566887279,+0000.9250614128239298
+0000.0014226572296655,+0000.0733072211606869,+0000.9252701216096463
+0000.0014186950377684,+0000.0731030558342611,+0000.9254782491279693
+0000.0014147438808305,+0000.0728994591214024,+0000.9256857969977659
+0000.0014108037281189,+0000.0726964294384854,+0000.9258927668333945
+0000.0014068745489860,+0000.0724939652062951,+0000.9260991602447176
+0000.0014029563128697,+0000.0722920648500151,+0000.9263049788371139
+0000.0013990489892931,+0000.0720907267992145,+0000.9265102242114911
+0000.0013951525478640,+0000.0718899494878365,+0000.9267148979642982
+0000.0013912669582749,+0000.0716897313541858,+0000.9269190016875380
+0000.0013873921903027,+0000.0714900708409163,+0000.9271225369687798
+0000.0013835282138086,+0000.0712909663950194,+0000.9273255053911708
+0000.0013796749987376,+0000.0710924164678118,+0000.9275279085334495
+0000.0013758325151184,+0000.0708944195149231,+0000.9277297479699573
+0000.0013720007330632,+0000.0706969739962845,+0000.9279310252706512
+0000.0013681796227676,+0000.0705000783761159,+0000.9281317420011154
+0000.0013643691545099,+0000.0703037311229149,+0000.9283318997225741
+0000.0013605692986514,+0000.0701079307094440,+0000.9285314999919034
+0000.0013567800256360,+0000.0699126756127196,+0000.9287305443616434
+0000.0013530013059896,+0000.0697179643139993,+0000.9289290343800101
+0000.0013492331103205,+0000.0695237952987708,+0000.9291269715909077
+0000.0013454754093187,+0000.0693301670567397,+0000.9293243575339407
+0000.0013417281737559,+0000.0691370780818177,+0000.9295211937444254
+0000.0013379913744852,+0000.0689445268721114,+0000.9297174817534025
+0000.0013342649824409,+0000.0687525119299100,+0000.9299132230876482
+0000.0013305489686381,+0000.0685610317616740,+0000.9301084192696870
+0000.0013268433041727,+0000.0683700848780235,+0000.9303030718178029
+0000.0013231479602213,+0000.0681796697937266,+0000.9304971822460513
+0000.0013194629080405,+0000.0679897850276880,+0000.9306907520642708
+0000.0013157881189670,+0000.0678004291029371,+0000.9308837827780950
+0000.0013121235644175,+0000.0676116005466171,+0000.9310762758889646
+0000.0013084692158881,+0000.0674232978899727,+0000.9312682328941383
+0000.0013048250449545,+0000.0672355196683398,+0000.9314596552867049
+0000.0013011910232713,+0000.0670482644211329,+0000.9316505445555950
+0000.0012975671225723,+0000.0668615306918347,+0000.9318409021855922
+0000.0012939533146698,+0000.0666753170279842,+0000.9320307296573451
+0000.0012903495714548,+0000.0664896219811658,+0000.9322200284473785
+0000.0012867558648964,+0000.0663044441069977,+0000.9324088000281050
+0000.0012831721670420,+0000.0661197819651206,+0000.9325970458678364
+0000.0012795984500167,+0000.0659356341191872,+0000.9327847674307953
+0000.0012760346860231,+0000.0657519991368499,+0000.9329719661771261
+0000.0012724808473415,+0000.0655688755897508,+0000.9331586435629068
+0000.0012689369063292,+0000.0653862620535098,+0000.9333448010401600
+0000.0012654028354206,+0000.0652041571077139,+0000.9335304400568646
+0000.0012618786071268,+0000.0650225593359059,+0000.9337155620569664
+0000.0012583641940355,+0000.0648414673255738,+0000.9339001684803898
+0000.0012548595688107,+0000.0646608796681391,+0000.9340842607630493
+0000.0012513647041926,+0000.0644807949589467,+0000.9342678403368597
+0000.0012478795729973,+0000.0643012117972534,+0000.9344509086297483
+0000.0012444041481166,+0000.0641221287862171,+0000.9346334670656654
